-13.000000 -14.000000 -14.000000
-100.000000 -14.000000 -100.000000
-100.000000 -14.000000 -14.000000
-100.000000 -14.000000 -14.000000
-12.000000 -13.000000 -13.000000
-100.000000 -13.000000 -13.000000
-14.000000 -13.000000 -13.000000
-14.000000 -13.000000 -13.000000
-11.000000 -12.000000 -12.000000
-100.000000 -12.000000 -12.000000
-13.000000 -12.000000 -12.000000
-100.000000 -12.000000 -12.000000
-10.000000 -11.000000 -11.000000
-100.000000 -11.000000 -11.000000
-12.000000 -11.000000 -11.000000
-12.000000 -11.000000 -11.000000
-100.000000 -10.000000 -10.000000
-100.000000 -10.000000 -10.000000
-100.000000 -10.000000 -10.000000
-11.000000 -10.000000 -10.000000
-8.000000 -9.000000 -9.000000
-10.000000 -9.000000 -9.000000
-10.000000 -9.000000 -9.000000
-10.000000 -9.000000 -9.000000
-100.000000 -8.000000 -8.000000
-100.000000 -8.000000 -8.000000
-100.000000 -8.000000 -8.000000
-7.000000 -8.000000 -8.000000
-6.000000 -7.000000 -7.000000
-8.000000 -7.000000 -7.000000
-8.000000 -7.000000 -7.000000
-8.000000 -7.000000 -7.000000
-100.000000 -6.000000 -6.000000
-100.000000 -6.000000 -6.000000
-7.000000 0.000000 0.000000
-5.000000 -6.000000 -6.000000
-100.000000 -5.000000 -5.000000
-6.000000 -5.000000 -5.000000
-6.000000 -5.000000 -5.000000
-4.000000 -5.000000 -5.000000
-100.000000 -4.000000 0.000000
0.000000 0.000000 0.000000
-100.000000 0.000000 0.000000
-3.000000 -4.000000 -4.000000
-100.000000 -3.000000 -3.000000
-100.000000 -3.000000 -3.000000
-2.000000 -3.000000 -3.000000
-100.000000 -3.000000 -3.000000
-3.000000 0.000000 0.000000
-100.000000 0.000000 0.000000
0.000000 -2.000000 -2.000000
-100.000000 0.000000 0.000000
-2.000000 0.000000 0.000000
0.000000 0.000000 0.000000
0.000000 0.000000 0.000000
0.000000 0.000000 0.000000
-9.000000 -10.000000 -10.000000
-11.000000 -10.000000 -10.000000
-100.000000 -10.000000 -10.000000
-100.000000 -10.000000 -10.000000
-7.000000 -8.000000 -8.000000
-9.000000 -8.000000 -8.000000
-100.000000 -8.000000 -8.000000
-100.000000 -8.000000 -8.000000
-5.000000 -6.000000 -6.000000
-7.000000 -6.000000 -6.000000
-100.000000 -6.000000 -6.000000
-100.000000 -6.000000 -6.000000
-100.000000 -12.000000 -12.000000
-13.000000 -12.000000 -12.000000
-100.000000 -12.000000 -12.000000
-7.000000 -12.000000 -12.000000
-100.000000 -7.000000 -7.000000
-100.000000 -7.000000 -7.000000
-100.000000 -12.000000 -5.000000
-100.000000 -7.000000 -7.000000
-100.000000 -5.000000 -5.000000
-7.000000 -5.000000 -5.000000
-100.000000 -5.000000 -5.000000
-4.000000 -5.000000 -5.000000
-100.000000 0.000000 0.000000
-5.000000 0.000000 0.000000
0.000000 0.000000 0.000000
-3.000000 0.000000 0.000000
-100.000000 -3.000000 -3.000000
-4.000000 -3.000000 -3.000000
-4.000000 -3.000000 -3.000000
-100.000000 -3.000000 -3.000000
-1.000000 -2.000000 -2.000000
0.000000 -3.000000 0.000000
-2.000000 0.000000 0.000000
-3.000000 -2.000000 0.000000
300.000000 0.000000 0.000000
0.000000 0.000000 0.000000
0.000000 0.000000 0.000000
0.000000 0.000000 0.000000
0.000000 0.000000 0.000000
0.000000 0.000000 0.000000
0.000000 0.000000 0.000000
0.000000 0.000000 0.000000
0.000000 0.000000 0.000000
0.000000 0.000000 0.000000
0.000000 0.000000 0.000000
0.000000 0.000000 0.000000
0.000000 0.000000 0.000000
0.000000 0.000000 0.000000
0.000000 0.000000 0.000000
0.000000 0.000000 0.000000
0.000000 0.000000 0.000000
0.000000 0.000000 0.000000
0.000000 0.000000 0.000000
0.000000 0.000000 0.000000
0.000000 0.000000 0.000000
0.000000 0.000000 0.000000
0.000000 0.000000 0.000000
0.000000 0.000000 0.000000
-8.800000 0.000000 0.000000
0.000000 0.000000 0.000000
0.000000 0.000000 0.000000
0.000000 0.000000 0.000000
-0.150000 0.000000 0.000000
0.000000 0.000000 0.000000
0.000000 0.000000 0.000000
0.000000 0.000000 0.000000
-0.100000 0.000000 0.000000
0.000000 0.000000 0.000000
0.000000 0.000000 0.000000
0.000000 0.000000 0.000000
0.000000 0.000000 0.000000
0.000000 0.000000 0.000000
0.000000 0.000000 0.000000
0.000000 0.000000 0.000000
0.000000 0.000000 0.000000
0.000000 0.000000 0.000000
0.000000 0.000000 0.000000
0.000000 0.000000 0.000000
0.000000 0.000000 0.000000
0.000000 0.000000 0.000000
0.000000 0.000000 0.000000
0.000000 0.000000 0.000000
-5.190000 0.000000 0.000000
-8.800000 -0.600000 -0.600000
-6.457481 0.000000 0.000000
0.000000 0.000000 0.000000
-8.800000 -0.920000 -1.224000
-1.170000 -0.920000 -1.298456
-5.325375 -0.682500 -1.583533
-3.147500 -1.224000 -1.298456
-7.850000 -4.050000 -5.000000
-8.800000 -4.050000 -3.240125
-8.800000 -0.927469 -0.803375
-4.000000 -4.050000 -5.000000
-8.800000 -3.000000 -4.000000
-8.800000 -3.050000 -4.000000
-8.800000 -3.097500 -4.000000
-3.050000 -4.000000 -4.000000
-2.000000 -3.000000 -3.000000
-3.142625 -2.002500 -3.000000
-8.800000 -3.000000 -3.000000
-8.800000 -2.052375 -3.000000
-7.897500 -2.000000 -2.000000
-0.050000 -1.050000 -2.000000
-3.000000 -2.000000 -2.000000
-8.800000 -2.000000 -2.000000
-0.050000 -1.000000 0.000000
-8.800000 0.000000 0.000000
0.000000 0.000000 0.000000
11.200000 0.000000 0.000000
